      0.5707      0.8351      1.4716    256.9974    578.5842    293.0730      0.4667      7.6900    169.8520      3.0796    271.9409      3.8660
      0.6985      0.9750      2.2493     86.0791     73.2193    289.9980      0.2363      3.6568     83.6640      5.5630    273.0775      1.3479
      0.5558      1.6552      1.9675    900.7710      0.8700    244.2090      0.7831      1.2613    173.9980      5.6724    273.3162      1.1712
      0.6099      1.1701      1.2783    616.3138    395.2261    200.6970      0.5034      5.0523     17.2940      9.9696    268.7563      2.7194
      0.8953      1.0982      1.0885    275.6072    342.7066    262.8960      0.2416      4.2661    107.9500     11.4562    264.0076      3.5234
      0.6590      1.0029      0.2816    310.4569    542.8146    282.2130      0.5881      3.8012     91.0800     18.6920    264.9016      0.3881
      0.8105      1.3849      1.7548    235.7176    139.7286    180.2790      0.1566      2.5225     94.1260      4.2286    268.9158      1.0705
      0.9886      1.4663      1.5410    713.1829    802.5220    205.0590      0.3554      7.8943     65.5380      6.9728    265.5531      2.1490
      0.8994      1.7323      2.0730    926.6907    236.4476    118.1760      0.7329      4.7710    144.9200      1.7316    270.4959      4.4368
      0.6806      1.8447      1.5203    985.7502    702.4730    149.2560      0.5320      4.4056    155.9340      5.0792    274.1808      3.7919
      1.0244      1.9589      0.9620    787.4122    891.2311     76.8810      0.1325      7.4232     59.2000      7.7052    263.7925      0.2606
      1.1364      1.7717      1.2280    497.8651    730.9927    139.9470      0.7968      9.4677    156.8800      1.2376    265.0932      2.1961
      0.9252      1.8755      0.7348    639.0336    902.7209    274.4580      0.7007      4.0186     75.1360     11.0208    273.6174      0.8242
      0.5350      1.4331      1.1702    771.0123    510.3149     46.0080      0.7175      8.0186     77.6320      1.5660    266.9674      1.6504
      1.1515      1.5908      0.3437     60.8694    924.5608     88.5210      0.0050      2.0863    165.4420      2.1850    268.3009      3.9211
      0.9345      1.9132      2.1056    750.3825    276.9972    267.9930      0.5142      1.5047     70.8520     16.4994    266.2617      2.9290
      0.5172      0.8804      1.0465    814.8718    117.4988    212.3310      0.1467      8.3347     52.0580     19.9786    267.7003      1.4726
      1.1998      1.2310      1.1212    377.2262    861.0814    232.9470      0.2114      1.9935     61.4540     10.3624    272.1156      3.1342
      0.7869      1.1153      2.2134    682.5732    425.8257    114.1260      0.3888      1.7535    187.1100      0.3050    273.4207      0.6302
      1.1882      1.8881      1.6755    412.6359    440.0156     50.8920      0.1864      5.2839     88.2680      9.4944    265.2963      0.2329
      0.6693      1.0408      2.0117    432.9557    499.6850    174.1200      0.3278      7.1642     28.7080     12.7842    270.3853      1.9214
      0.8619      1.3393      0.6439    352.3665    467.6053    229.0590      0.4726      0.8145     44.7700      6.2664    270.6523      0.5469
      0.9546      0.9571      0.9153    143.6785    590.7040    239.4930      0.2757      3.9262    190.4360      0.5778    264.5018      4.1694
      0.7682      1.3602      1.3098      0.3500    613.3939    154.3260      0.7351      6.2067    137.6520      4.7254    270.1496      2.2885
      0.7522      1.2005      0.6124    652.0935    834.4816     65.1630      0.3436      9.7751     26.6080     12.5612    264.7059      3.6372
      0.9176      1.2556      0.1607    200.1180    623.5138    142.1730      0.0608      0.8460    160.8440     18.0064    272.4787      4.5785
      1.1679      1.2717      1.8185    184.7981    552.7844    275.7240      0.4203      5.8011     16.1840     19.0856    269.1860      4.9089
      1.0559      0.9314      0.9862    444.0356    677.9332    127.3560      0.6679      2.4663    102.0680      3.3450    272.6855      4.0229
      0.7739      1.0194      1.4520    460.8054    957.2804     13.2660      0.4307      2.3290     67.1600      8.7692    269.8333      0.0636
      0.8790      1.5887      2.4535    876.5912    450.3055    216.3660      0.6929      5.8904    149.8660      2.6170    270.9709      1.9121
      0.7240      1.6987      2.4804    595.1241    319.5568    131.7090      0.5367      8.9713    197.2220     18.4970    272.3011      4.1368
      1.0358      1.7934      2.0332    974.2503    662.1534     25.3560      0.6549      1.0020    117.1340      3.9914    271.1654      3.0050
      0.6884      1.3368      0.2379    943.4506    201.5280     31.0590      0.5528      3.2169     35.3100     14.3018    274.3105      1.5333
      0.5907      1.2930      0.3359    950.5505    415.8958     95.2650      0.0445      6.0047    178.1340     12.0862    263.2188      3.4452
      0.8293      1.6247      0.8903    578.9042     52.8195     21.9270      0.0817      7.5433     81.1720      2.9566    272.9883      4.3839
      1.0851      1.7522      0.8492    387.9161    791.2021     43.4670      0.2666      8.2678    110.5180     16.7046    274.4726      1.7936
      0.5043      1.0690      0.1322    524.5148    756.1024     37.7580      0.1662      4.5762     10.3960     13.4926    269.5875      4.8327
      0.5697      1.3034      2.2768    182.5382    871.1713    167.9280      0.6009      0.6029    136.3620     11.9214    266.1464      2.0308
      0.6290      1.1386      0.6820    330.3667    740.1926     15.4320      0.6475      3.1500    131.7820      0.9352    268.0713      4.7053
      0.7987      1.8077      1.8535    229.4877    105.0890    296.6730      0.3066      0.2416      1.9800     15.3630    268.4367      1.7382
      1.0972      1.5227      1.8769    159.9184    824.6817    161.1900      0.5858      9.5101    120.1580     13.8858    271.6279      3.7310
      0.8204      0.8535      0.4090    107.4189     33.8697    105.5280      0.1000      9.9023     32.8700     14.7122    267.8689      0.6781
      0.6012      1.6834      1.5867    469.1953     18.0198     74.2320      0.6206      9.1089     23.1160      6.6212    265.6978      3.4095
      0.9600      1.9351      0.5656    852.4415    252.7175    102.2820      0.5610      7.2846     43.2440     16.1600    269.2119      1.3013
      0.6199      1.6315      2.3513    829.4617    172.8683    175.9440      0.4519      2.9755    114.3420      8.3014    265.9104      3.1837
      0.7366      1.8269      1.3673    289.4971     99.4690     90.9240      0.1181      8.5624      8.3780     15.6914    266.6648      1.1356
      0.5359      1.1433      2.1726     75.1393    153.5585    197.9730      0.3837      2.6683    129.1300      8.5882    269.7340      0.4875
      0.9674      1.4883      0.5078    343.2166    191.0581     64.2240      0.2183      6.3457    141.6740      4.4260    273.9716      2.4700
      0.8448      0.9006      0.4821    131.4787    647.0035    221.5320      0.4072      1.3847     37.7820      7.5406    271.2414      2.8517
      0.8549      1.0552      0.2104    747.5526    770.5323    121.5450      0.0694      5.5668    125.6380     17.1200    267.5517      2.5560
      0.7205      1.5481      2.3116    623.7338    228.9077    256.1160      0.3118      6.6021    150.1420     10.2792    263.8513      2.7936
      1.0760      1.2077      1.9050    886.8611    363.7164      7.8600      0.7677      6.8380     54.3500      7.3276    267.3043      0.9760
      1.0663      1.9936      0.7402    683.8931    295.2171    159.3330      0.4911      8.8028     98.6680      9.0990    267.1945      0.8731
      1.1076      1.5527      0.4466    558.9344    998.4000      1.4430      0.0190      0.4273    105.2800     10.9002    271.4391      0.0989
      1.1241      1.7170      1.3831     17.1098    691.2031    187.9620      0.1876      4.8902     47.1860     13.2684    264.2851      3.2583
      0.6458      1.5074      1.7216    538.4647    309.0769     57.2790      0.3721      6.6700    196.2440     19.4448    263.4798      2.5931
      1.0019      1.4103      1.6356    846.4115    521.4648    190.9860      0.0387      5.3657    170.1960     17.8464    274.8337      4.9560
      1.1589      0.9172      2.3978    731.7427    974.7803    250.2630      0.6300      3.4240    180.7780     17.5358    274.6123      2.3482
      0.9916      1.9802      1.2163    507.5250    377.8162     83.5710      0.2869      0.0541      6.0460     15.3294    263.0443      4.3321
      1.0441      1.4398      0.8049     37.5196    944.4506    246.6780      0.7582      9.3319    184.3000     14.4066    266.4890      4.6398
      0.5477      1.0086      2.0009     63.0194    471.7353     46.9800      0.5307      8.4894    165.9080     12.9054    273.4620      0.3284
      0.5864      1.5380      1.3377    873.0413    573.0043    181.5330      0.3653      0.1665     85.4320      5.1808    268.4269      2.7699
      0.5672      0.8689      1.4896    464.7854    796.4420     84.8370      0.6279      6.6876    152.2000     17.3610    272.1099      4.0804
      1.0517      1.5100      0.6251     13.0799    184.1382    266.8230      0.5087      3.3286     34.4980     15.7436    274.1548      2.3041
      0.8437      1.0961      1.0732    947.9805    494.3451     18.9900      0.6650      7.0710    140.7400      9.8110    264.2138      2.0115
      0.6748      1.5917      2.1784    479.1552    669.9033    204.5730      0.2197      5.3908    138.0400     19.6358    265.0255      3.8030
      0.6896      1.3055      0.2435    378.6262    847.9315    242.4030      0.1267      6.0165    161.7400      8.1422    265.8322      1.5542
      0.6840      1.2110      1.6931    384.3762    938.4506    210.1530      0.2709      5.6498      0.4700     14.4558    272.5114      0.6017
      1.1823      1.3658      2.3252    996.4601    962.4603    159.8370      0.1947      8.1661    104.4240     12.1028    268.3686      3.8490
      0.8525      1.5296      2.3669     67.7293     43.4796     59.8950      0.7956      0.8309     23.8680     13.6606    271.1922      4.8009
      0.7025      0.9594      0.2139    223.6078     61.8894     76.7460      0.3942      8.6748     59.7100     12.3376    269.5408      4.9710
      0.9732      1.8059      0.6030    691.4131    720.0628     61.7820      0.7039      2.3555     95.3180     14.8580    271.7641      0.7712
      0.5191      1.6336      2.0542    401.2760    781.1122    137.8530      0.4972      9.4040    199.1760     10.1220    267.2467      2.1044
      1.0603      1.7969      1.3683    129.1687     31.0597    215.4930      0.4235      5.1451    126.8760     16.6992    268.6603      2.4832
      0.6034      1.1743      2.2570    654.5135    437.0056    146.3010      0.3242      1.4762     74.8180      6.8652    269.3588      1.9766
      0.7805      1.3219      2.3800     96.0090     87.5591     53.2680      0.2920      1.6225    108.8060     17.9176    265.3621      0.4895
      1.0139      1.9696      0.8092    512.9849    746.3825     43.7310      0.5756      4.5515     21.8360     11.0966    266.8015      2.4135
      0.8904      1.7771      1.5754    637.5336    269.4873    192.4380      0.1620      7.2529    180.1860      3.6096    268.9542      2.5317
      0.5442      1.8656      1.9742    621.1438     74.6592     96.6210      0.2523      1.7179     79.4700      4.0914    263.3490      1.6111
      0.6480      1.7013      0.9699    431.7557    603.2640    100.8960      0.5714      2.1559    184.9500      1.6246    264.4381      3.4686
      1.1685      1.1116      0.6746    280.3372    858.0514     85.5750      0.3503      4.6855     14.7580     18.0814    271.9987      1.2448
      0.6365      1.1367      1.8592    957.2304    659.1534     29.6340      0.0786      9.1797    112.6880      2.7384    266.4776      3.6485
      0.9012      1.0507      0.8656    781.4422    181.6882    276.7620      0.2129      3.5146     51.1580      9.4014    265.6820      0.7300
      0.9145      1.1892      2.4275    208.0979    112.7989    251.3370      0.0436      2.9896    193.1500     14.0550    267.6681      3.9297
      0.9995      1.9876      1.0049    196.6380    358.1264     35.4750      0.0537      0.4227     80.9360     11.3354    264.0762      0.1577
      0.9300      1.5557      0.8415    101.8890    969.4703    245.9520      0.0298      4.9582    171.8260      7.1030    263.5124      0.3825
      0.8176      1.7486      0.7265    334.7167    802.2420      9.7290      0.1441      4.4891     55.6180     15.3370    270.7083      4.2310
      0.5294      1.6775      1.5823    352.5265    247.8875    223.3050      0.4894      8.9429    115.6900      2.2844    269.8512      2.8350
      1.1486      1.6138      1.6578    308.6769    142.6286      4.2120      0.3802      5.2235     43.5240      3.7922    271.3693      1.1069
      0.7281      1.6642      1.5242    541.7846    232.2777    291.2220      0.0111      4.2959     17.3760     18.5708    267.5752      4.5073
      1.0477      1.2237      0.3470    741.3526    126.9087    283.7010      0.6266      2.5469     12.9280      1.8180    265.5842      2.6272
      0.7599      0.8488      1.4407    497.0251      2.9100    196.2570      0.3008      3.8258    158.5980      1.3330    266.6187      3.5127
      0.6607      1.5754      1.9091    863.5013    638.9736    129.3000      0.6829      9.0598      8.0520      9.0764    270.2859      3.3538
      1.1600      1.4509      0.3823    754.0925    544.6446    232.5900      0.6517      7.3866    126.4560      5.6110    272.2298      1.0721
      1.0810      1.2655      1.7473    439.2756    327.9567    299.1510      0.5454      1.0587    134.8640     18.7712    272.7537      0.8949
      0.8333      1.2410      2.1090    518.5548    407.1859     91.2150      0.2334      3.0725    156.5580     15.0624    263.0594      4.7319
      0.6277      1.4690      0.1702    265.5474    338.1066     34.7250      0.1190      7.7091    169.4140      4.7408    263.6880      0.0443
      0.8083      1.7454      2.2026    915.1208    290.7671    165.7620      0.7143      5.9700    179.2320     10.7966    266.2544      4.8686
      1.1385      1.9033      1.8738    133.8287    928.7107    179.2650      0.0852      9.9935    121.2260     11.9370    267.1038      2.9874
      0.7173      0.8866      1.1973    784.4622    214.7278    111.2280      0.2555      1.1676     71.7240     19.2572    264.8306      4.2829
      1.1893      0.9349      0.1303    819.6518    453.5955    263.0610      0.0209      3.9035     37.6660      0.4842    267.9439      3.1483
      0.5011      0.9772      0.7750    153.5885    506.4250     10.0650      0.3374      6.5683     42.9680     17.2290    268.0278      3.2676
      1.1042      1.4035      1.2493     35.8796    617.9038    153.1560      0.7409      6.3538    119.6060      4.3612    273.1012      1.8972
      0.6091      1.9271      2.0936    248.4175    373.1663    238.9620      0.7695      2.3012    146.9280      7.6776    270.0254      1.2776
      0.9465      1.4301      2.2886    972.4703    156.1684     21.5310      0.1780      1.9215      5.4540     13.9146    270.9067      1.0000
      0.8832      1.1557      0.5755    928.3207    260.1374    124.9230      0.1517      6.8645     32.3620     10.6400    263.8370      2.1805
      0.7559      0.8895      1.8084    893.5411    703.7729    115.8930      0.6062      7.5286     63.6560      0.3332    271.5074      1.6741
      0.7759      1.8287      1.2949    840.6816    596.3740     68.9400      0.5925      2.7934     29.6500      3.2354    274.5964      3.7156
      1.0915      1.3886      0.5215    593.9641    554.0045    141.9330      0.5595      3.4006     86.6700     19.6836    270.5502      1.3630
      1.0087      1.0670      1.7177    550.7345    390.8361    287.2740      0.4511      9.6835     49.3000     13.0894    274.7361      3.0324
      0.8623      1.2970      1.1153    605.1240    877.7612    225.4410      0.7759      0.8549    195.2500      8.4472    266.0793      3.2094
      1.1166      1.4762      0.4262    323.2268    685.9432    272.7570      0.4776      8.6462     66.6980      6.3420    273.8260      2.6952
      0.7406      0.9237      0.2922    298.4570    309.3469    189.0810      0.0971      7.9046     96.8900      8.7904    264.6664      4.4739
      1.1248      1.0039      1.3927    724.0228    823.1718    209.9610      0.3194      9.5917    175.4180      0.7866    273.6250      0.5207
      0.7967      1.9424      2.4796    570.3943    761.2324    131.2650      0.4600      6.2647     91.3280     16.1744    269.7908      1.7587
      1.0334      1.8899      1.1758    812.9719    908.5410    108.1980      0.4054      0.1895    132.4740      5.9816    273.2044      4.3686
      0.9429      1.7152      0.3024     22.9798    990.3101    173.0040      0.7575      5.7711    143.8380     16.4084    269.0481      4.6347
      0.9852      1.8466      0.4922    668.1733    896.6610    163.2630      0.6668      8.2010    101.1100      7.5968    272.8117      0.1907
      0.9662      1.3505      1.0357    167.3683    419.5858     71.6490      0.4317      0.6548    189.1780      2.3528    274.9186      1.4875
      0.5715      1.0360      0.9003    703.1030    525.7047    257.9640      0.7206      4.1633     62.1420      6.1968    274.3639      4.1554
      0.5373      0.8998      1.1324    812.0719    879.5912    184.0200      0.3408      4.3493     68.7780     14.6758    270.3026      2.9595
      1.0479      1.9228      1.7370    370.3263    548.5745    222.6720      0.5068      8.1936    145.4520      0.8588    271.0716      3.5401
      0.8530      1.2942      1.4102    163.2584    518.8748    186.6570      0.0656      8.6227    105.5020     14.5804    266.5184      2.2325
      0.8399      1.6109      0.2196    592.7740    284.3672     40.4970      0.4868      9.6115     12.2440      3.6790    263.2965      4.7459
      0.5700      1.3118      0.5886    797.7220    347.5065    176.9190      0.7950      7.8148     99.6080     16.9382    268.4852      2.9155
      0.9476      1.5573      2.1876    652.6235    736.9926    212.7660      0.5287      0.9397    125.3820     15.9044    272.5885      1.1027
      0.8639      1.3916      1.8553    635.1637    464.8453      7.1040      0.4376      4.7563     49.3520      8.3642    263.1115      3.0466
      1.1830      1.2052      0.8150    318.2268     53.4595     69.0150      0.0326      3.3435    177.8660     18.4154    268.3413      4.1304
      0.9737      1.4528      0.3269     15.8898    491.7651    273.2820      0.6362      6.0499     39.0200      4.7958    265.5396      1.1925
      0.7479      1.9961      0.4770    539.4646    554.4645    198.2970      0.2327      0.7347    172.7380     10.3824    267.1537      0.8663
      1.0263      1.8668      1.9243    474.2153    820.0418      1.6080      0.4575      4.2469     15.4940      2.4394    269.8008      0.7400
      1.1664      1.6630      2.0863    879.0412    108.8289    172.4850      0.4730      5.7571    195.8120      3.4706    265.2320      2.0815
      0.6977      1.6822      1.8677     58.4194    120.3288     72.0540      0.6596      5.4191    100.5820     11.9514    270.8810      0.5534
      0.9633      1.1825      1.1670    335.1466    807.5620     30.0990      0.0130      0.5498    180.6560     13.0032    263.6014      4.2601
      0.5687      1.4269      1.5093    554.5844    508.5850    231.3570      0.4499      6.9838     56.3120      2.2440    273.0964      1.8396
      1.1940      1.0264      0.4367    231.4777    167.5783    126.0570      0.7620      1.2120     45.0080      6.5440    272.0868      4.8492
      1.1352      1.0930      2.4993    566.7144    446.5056    115.6170      0.6432      1.0730    159.4980      7.0986    272.3780      3.3142
      0.9268      1.2536      1.6781    254.8774    860.7414    121.4430      0.1680      3.2081    140.8680      1.1306    274.8277      4.5458
      0.5269      1.3447      2.2938    608.6739    365.9363    295.1160      0.1360      5.1183    197.4040      5.1896    267.6307      4.2081
      0.6253      1.5979      0.3650    745.2726    769.4623    191.8380      0.1756      9.8946      3.9780     19.9042    269.0604      2.5538
      0.8330      1.3339      1.7753    496.6150    627.9337     18.4800      0.7106      1.4213    148.7160     16.2044    273.6076      3.0835
      0.6580      0.9115      2.0039    174.8082    371.6963    148.7250      0.2567      3.1590    152.7800      8.2244    264.1159      4.4928
      0.8141      1.4580      0.8937    713.7728    712.9329     98.7390      0.0481      8.0121    109.4180      1.9182    267.9090      3.8411
      0.7609      0.9376      2.3740    405.1060    899.3610     90.5730      0.7000      8.9876    187.2780     12.1634    273.5811      1.7064
      1.1615      1.5804      0.2270    899.2110    323.7068    260.0010      0.1128      9.4921     52.7200     19.4610    274.5830      3.6677
      0.9164      1.1772      0.5405     31.7997    601.4340    254.8380      0.5971      6.4066    110.6780     12.9384    271.9234      3.3457
      0.6148      1.7961      1.5651    192.1181    402.5560    201.5670      0.1991      4.5446     92.5940     11.6058    270.1351      0.3774
      1.1116      1.7478      1.0583    718.6829    918.1608    268.5210      0.4252      9.0224    118.4860     17.6114    274.0923      3.8054
      0.5513      1.4810      0.1638    392.5661    662.8434     38.3400      0.3216      3.9496    126.7700     16.5810    273.8755      0.1044
      0.6335      1.3679      1.6480    676.3832    666.8934     78.0540      0.0234      7.8879    135.5780     17.3158    266.3876      0.0807
      0.6730      1.7273      1.3245    762.2624     27.9797    161.5980      0.5356      3.5813     34.2700      0.1452    264.5433      4.8089
      1.0166      1.0158      2.3206    243.2676    155.7484    249.1980      0.4018      1.9689    120.9920     18.2214    268.9765      3.4795
      0.5167      0.8774      1.2257    433.9757    758.9124     26.4840      0.7851      4.9019     41.7300      7.7656    263.4326      4.0134
      0.7040      1.6406      0.6353    848.0915    384.6462    208.9560      0.2972      7.2811    174.1960      3.2638    269.6078      2.6655
      0.8201      0.8446      1.8154    965.7903    221.7478    114.6840      0.0986      0.4630    132.5360      6.0350    264.2037      2.7253
      0.7752      1.2619      1.0810    272.7373    478.5352     81.0660      0.3643      6.7827     25.4960     18.9398    265.1191      1.4387
      0.5827      1.9470      1.2032    424.0858    785.3522     49.7940      0.1505      7.6382     31.3580      5.8966    264.9384      1.8004
      0.5974      1.1429      0.9131    114.1389    199.4080    155.8440      0.3467      8.7036     18.3360      9.5290    274.3334      4.9522
      0.8758      1.8980      0.3982    970.3503    571.6843    152.9310      0.2066      1.6030     20.9280      9.3248    264.7353      2.0972
      0.7948      1.8560      1.6054    624.7538    207.1279    276.7410      0.4986      6.3248     84.7780      2.6806    268.1658      1.3925
      0.6404      0.9852      1.9613    205.7379    841.7316     63.9570      0.5666      8.4789    161.0200     17.7266    272.8219      2.4509
      0.9044      0.8567      1.4342    531.4947    991.4001     51.6990      0.6226      9.2360     75.8820     10.0206    265.6089      0.6159
      1.0835      1.8211      0.1058    693.6531    426.7557    109.1670      0.0856      6.5400     87.4420     13.5768    266.8687      4.6548
      0.9942      1.5031      2.4582    916.4009    915.4308    101.2950      0.2752      4.0755    113.9140     10.7506    270.5604      1.0311
      1.0711      1.9160      2.2520    358.9664     68.7093    259.7520      0.6112      2.3641     80.1760      6.9548    272.7393      0.2998
      0.7315      1.5185      0.5363     80.5292    594.1340    143.9130      0.7529      1.7045    186.2240      4.5208    270.7451      2.7582
      0.8925      1.4091      2.0488    506.1650    261.1974    235.8780      0.2162      9.7333    192.9460     14.1176    273.3013      4.3429
      1.0114      1.1103      2.1627    124.0488    136.2086    283.3740      0.3970      2.1734      2.5360      7.6480    266.7027      3.9752
      1.1476      1.7258      2.3848    986.3401    730.5127     11.7840      0.6781      5.8540     93.8820      1.4058    267.5646      3.2355
      0.7121      1.5353      0.9507    459.7054    941.9606    229.3710      0.3769      2.1214     60.7740     11.1762    271.6521      2.3881
      0.5047      1.1240      1.4698    922.5008     86.5491     56.9730      0.7415      2.9451     58.0840      0.5394    268.7246      1.3318
      1.0587      1.7051      0.2714    777.6722    954.5405    133.6680      0.5749      2.6585    136.8220     13.6678    269.4030      0.8157
      0.6795      0.9541      0.6785     98.8490    637.7936    289.3380      0.2518      7.1315    156.3480      5.6636    271.3394      1.9180
      1.0772      1.0584      2.1260    148.5485    982.5402    137.6490      0.3125      3.7974    163.6120      9.7330    271.4897      2.2924
      1.1205      1.7828      0.7314    855.4114    234.4276     24.4080      0.0760      5.6063     26.8840     15.3054    266.1774      1.5177
      0.9810      1.8413      1.0023     43.9096    308.1469    292.5330      0.5474      0.2208     77.2840     19.2046    269.2020      0.4440
      0.7371      1.0651      1.3526    299.7970    279.7472    244.6230      0.1239      5.1945     63.7100     15.6350    263.9274      1.5843
      0.9330      1.0003      0.7527    308.0069    693.5331    166.0650      0.2855      0.1065     70.2180      4.0264    267.2089      3.6191
      1.0959      1.2364      0.8392    827.7917     44.3796    217.6290      0.6824      7.4120    168.1040     12.6092    265.9837      0.9354
      0.7808      1.9743      1.2927    939.2506      5.9499     85.3950      0.7268      2.7585      6.7900      8.7344    274.7169      0.2094
      0.8503      1.2147      2.3010    354.4565    900.9010    241.1310      0.6398      8.6617     24.3880     18.5460    271.5332      0.0766
      0.6564      1.7474      1.0238    678.4532    716.5428     88.8450      0.6148      4.2334    197.8180     13.7462    264.2749      1.7141
      0.9610      1.5048      1.5399    387.3261    875.2112     34.1760      0.2028      1.6677     13.6220      8.0632    273.2323      2.4374
      0.5900      1.3524      1.9462    193.6581    520.5648     18.5910      0.4455      0.0467    129.4800      2.1282    274.8665      2.2808
      0.8159      0.9626      1.2076     90.8091     90.8891     68.6850      0.0095      4.1561     20.7880     11.6812    270.1016      1.7529
      1.1905      1.5621      1.2831    796.7320    256.8575    288.8400      0.4217      7.1386     53.9520      4.4906    265.0423      0.1273
      0.5034      1.5161      0.6220     54.4895    498.0150    253.6680      0.6717      9.6248     27.4940      4.0678    272.3905      4.6670
      0.9236      1.6614      1.3425    615.3439    413.5359     70.8540      0.3046      5.8299    104.1920     18.1982    268.6133      0.6417
      0.5571      1.8848      1.0690    435.2757    353.9365    118.4250      0.6891      5.9806    141.9340      6.5784    269.3610      2.6897
      1.0279      1.6035      0.3156     49.3195    426.3057     38.7120      0.6958      0.7864     18.1740      8.5386    263.5549      1.5284
      0.7348      1.5363      0.2901    134.6286    661.1234    160.8810      0.1535      3.7441    187.7240     14.6564    267.0526      3.6456
      0.5125      1.9637      1.2520    704.6330    185.3781     60.4950      0.1034      1.0429     61.7480     17.0572    271.8426      1.4005
      0.9322      1.9084      0.2056     12.3199    692.4431    139.3290      0.2426      6.0946     94.3980     15.8142    266.4541      4.5197
      0.6082      0.9155      0.4531    172.6283    294.2671     12.6150      0.7466      9.0495     91.4220      6.7342    273.0184      0.4293
      0.9879      0.9915      1.7540    659.8834    163.4184    183.0720      0.2202      1.4627     45.5200      9.4290    274.7804      0.7875
      0.9004      0.8412      1.4820    236.4276    386.3661    166.7460      0.5995      8.1787    166.6120     19.8334    272.8941      3.5089
      0.5656      1.8592      2.4342    555.0845    457.4554    130.2750      0.7536      1.2397    176.1760     12.4458    273.4126      4.0268
      1.1874      1.1077      0.3948    731.2427    738.6226    229.8840      0.4391      9.8361    124.0480     11.0780    267.3277      1.0453
      1.0680      1.1352      2.3624    598.8240    319.0668    198.8310      0.5682      0.2259     71.2900     14.7942    274.2709      3.1431
      1.1389      1.7740      0.7861    204.5679    301.8870     78.5400      0.3622      2.9932    155.7280     13.5986    270.5146      3.8710
      0.8658      1.2777      1.1693    312.5169    181.2182    100.2630      0.4078      7.6114    147.6160     17.6656    267.8059      4.3214
      0.7625      1.0300      0.8518    843.7916    779.8322    206.9850      0.3864      4.4153    193.4260     16.9214    264.9187      2.8260
      1.0033      1.3785      1.0086    166.2883    969.1104    129.6240      0.5089      2.5651     33.4440      6.0188    268.5089      3.0575
      0.7908      1.3620      0.5687    287.4571    675.0833      3.6000      0.5534      6.7598    168.4100     19.2290    269.1042      2.1727
      0.6709      1.6239      1.6036    341.5066    950.7705    111.4020      0.7894      3.4897    119.7000      2.9976    270.8397      0.1785
      0.5941      1.0878      1.1388    469.1253     35.5196    143.1180      0.5231      5.1062    109.2180     13.1740    274.0730      2.1363
      0.7132      1.0715      1.5793     17.7498    852.1115     93.6990      0.7157      1.9394     50.2440     18.9952    265.3473      3.4582
      1.0532      1.6959      2.1400    425.2957    240.1676    284.2620      0.3351      6.9434    158.4120     12.7300    271.6888      1.4500
      1.0820      1.2506      1.6597    456.3354    607.9239    170.5560      0.2605      3.6351    120.3340     16.4426    272.1920      0.9657
      0.6833      1.7301      0.1679    633.1237    632.7837    220.8330      0.3922      6.4574      5.6640      0.2036    263.9070      3.3837
      1.1254      1.4082      2.4751    118.2688    200.6080     50.5920      0.6094      4.8928     89.1040      2.4048    271.3520      2.0707
      0.6927      1.6767      1.4257    324.5968    564.3843     22.7130      0.2721      1.6597     58.6060     10.6950    265.7514      0.4090
      0.8133      0.9697      1.6896    921.8608    812.0619     83.9730      0.1278      7.4794     78.1740      3.6986    264.6913      4.8981
      0.5779      1.4247      2.2828    800.9819    885.7312     44.0940      0.7659      3.1699     97.8620     10.1560    269.9095      3.7421
      0.7713      0.8750      0.9427     82.8392    342.4966    266.2290      0.0795      3.8899     49.7560      1.1640    265.5760      4.7544
      0.7973      1.0576      1.7230    501.7450    838.4916    233.3430      0.0374      5.5520    179.0600      1.8750    268.2542      1.1259
      1.0236      1.5875      1.9840    499.7850     63.7994    147.7110      0.6629      6.5024    101.4720     16.0810    265.8595      3.3332
      1.0980      1.7979      0.6119    906.4910    783.6122    270.5160      0.7210      4.8237     67.8020      5.1172    274.4850      0.2885
      1.0941      1.8347      0.1238    884.2712    441.6856    122.6400      0.7857      6.2409    131.4400     10.5946    268.9413      3.9416
      0.7292      1.7100      1.3890    749.4325    545.5145    200.1060      0.1790      0.4833     75.7440      7.6594    263.7845      1.2887
      0.9953      1.2814      1.8281    639.2036    216.8278     56.3610      0.4989      2.7720     33.3260      3.5110    263.3847      1.9624
      0.6322      0.8931      1.3230    968.6403    513.0449      8.1720      0.3475      5.2809     39.5780     12.0508    266.8479      0.7160
      1.1535      1.4570      2.0455    779.0022    144.2586    258.9540      0.2293      8.4136    150.3060     17.9878    266.0496      2.5654
      0.9716      0.9280      0.5088    523.4348    996.0001    157.7940      0.5770      0.5095    139.8740      9.3140    263.1637      0.8882
      0.8472      1.1965      0.7605    571.3943    569.6743    248.3010      0.4539      9.2972    116.0280      7.2078    269.7615      2.6558
      0.6440      1.8642      2.2299    533.3846     11.9699    298.2990      0.1654      9.7521     85.8440      3.0084    270.3645      4.1722
      0.5429      1.9359      1.8614    861.2814    121.5488     28.0170      0.6444      7.8366    144.4840      7.9230    272.4254      1.6164
      0.8813      1.3274      0.3784    936.0806    764.6124    153.5220      0.1349      8.7857    183.2940     14.0742    264.1556      2.9430
      1.1421      0.8514      0.6616    998.3800    378.6562    275.8620      0.1894      0.8944      2.4320      5.8728    266.7152      3.2049
      0.8851      1.0205      2.4002    373.2763    936.1206    238.6470      0.0135      5.4089     64.4540      1.4960    271.0392      3.7620
      0.6169      1.3098      0.8997    100.3490    103.0190     47.7690      0.0460      4.6371     42.3040      4.8476    269.5705      1.8709
      0.9185      1.4862      0.7289    400.2460    470.7153    261.1770      0.0877      2.2433     82.2360      5.4150    267.5384      4.1620
      0.8381      1.4420      0.2343    950.8605    644.2836    190.1910      0.5432      7.3114    183.7780      0.7724    268.0331      4.3763
      1.1695      1.9499      2.0884    259.4774    282.5672    106.8960      0.3282      3.1383    171.1860      0.4390    270.6046      2.8734
      0.9496      1.2304      2.1381    872.2712    929.5807     97.4910      0.1136      9.3835    191.8640     15.0306    267.7384      4.9788
      0.7058      1.1690      0.9370    818.7318    598.7640    189.9750      0.4676      2.3977    160.5940      9.8608    272.7241      1.2387
      0.7480      1.8081      0.4857    217.1478    728.7727    216.5580      0.4901      8.1318      9.9920     11.5826    273.8132      4.6446
      1.0391      1.1551      1.8058    763.4024     77.9992    176.4660      0.3090      8.9196     12.7960     19.5900    264.5918      2.4104
      1.1110      1.6331      2.1947    684.6732    832.8817    211.9770      0.2846      7.7891    136.6120     15.4014    273.6644      4.4803
      0.5284      1.9810      1.9141    277.7372     29.3097    292.2330      0.0586      2.0806    112.1460      8.7198    266.2458      0.5125
