         190          92
         194          53
         183         153
         157          74
         139          61
          87         182
         168          93
         196         144
         225         163
         107         162
         168         166
         195         162
         173          42
         177          87
          66         140
         214         100
         181          88
         178          67
         198          98
         169         109
         132          97
         174          68
         186         138
         187         135
         102         167
         142         161
         193          85
         200         163
         203         157
         176         126
         166          47
         197          38
         165         122
         165          39
         180          59
         177          63
         183         168
         196          66
         236         110
         195          68
         108         117
         109         173
         152         162
         175         115
         215         112
         119         181
         181         105
         123         168
         112          53
         150         164
         169          77
         189         141
         179         161
         193         170
         199         160
          34         164
         164         131
         169         117
         179         172
         193          91
         198         168
         181         163
         173         176
         197          74
         179         102
         186          71
         109         178
         214          55
          30         140
         166         173
          66         154
         114         124
         212         104
         181         132
         155          83
         171         132
         203          94
          80         147
         223         102
         159         177
          97         176
         187         157
         174          79
         214          23
         112          70
         178          62
         163          92
         183         147
          91         137
         215         103
         173         185
         221          62
         111          54
         142         170
         186          98
         122         167
         178         113
         204         103
         163         157
         208          19
         174          71
         207          86
         199          64
         200          71
         190          73
         224          99
         197          63
          65         175
         165         119
         200          42
         181         142
         121          87
         206          88
         206          89
         206          79
         199          85
         194          93
         169         137
         178         120
         215          51
         181          82
         179          81
         157         183
          67         180
         214          73
         115         179
         205          56
         190         137
         172          86
         212         101
         229         105
         155         176
         182          84
         149         159
          78         126
          54         181
         179         127
         137         149
         177          80
         186          74
         126         117
         217          60
         180         158
         188          56
         170         167
         112         138
         199          75
         181         123
         195          69
         205          72
         232         114
         182          49
         185         110
         133         119
         164         170
         211          92
          46         159
         167          71
          93         166
         169         135
         199          83
         193          67
         176          51
         200         140
         128          83
         174          57
         142         166
         195         171
         185          86
         182          72
         194          49
         177         171
         179         165
         210          69
         203          68
         186         130
         166          88
         187          90
         148         168
          39         188
          60         157
         170         160
         183         177
         189          76
         211          15
         178         155
         213          64
         206          26
         165         106
         199          51
         168         129
         109          55
          22         133
         159         128
         194          50
          39         135
         189          62
         123         104
         209          68
          43         110
         173          66
          43         187
         115          65
         167          74
         184         151
          68         144
         169          89
         186         146
         197         156
         113         180
         151         165
         168         148
         189          54
         192         190
         196          65
         188         131
         154         179
         213          59
         142         167
         167         123
          30         153
         186         159
         198          97
         230         110
         153         186
          76         122
         177          69
         174          65
         103         113
         192          44
         218          63
         170         125
         175         150
         192         148
         166         130
         191         143
         200          26
          45         162
         222          84
         200         153
         165         120
         225         107
         179          79
         189          82
         103         142
          52         165
         172          99
         149         102
         189         118
         197         166
         131          53
          66         155
         196         134
         187         136
         216          61
         130         109
         162         133
         136         163
         194         139
         179          48
         166          62
         168         124
         184          77
         209          14
         205         136
          35         171
         165         134
         190          61
         131          78
         210          94
         187          60
         173          59
         199          46
         198          55
         103         165
         202          53
         182         156
         178         169
         206          84
         104         135
         170         140
         210          80
         154         171
         167          68
         216          10
         161         163
         165         189
         202          87
          41         158
         122          56
         227          57
         175          77
         230         107
         178          45
          86         149
         195          52
         156         107
         173         110
          51         183
         189          78
         172         168
         197          90
         181          47
         184         178
         151         169
         230          99
         100         184
         190          95
         161         174
         185         140
         172          46
         175         144
         209          70
          63         170
         219          21
         164         143
         210         137
         350           8
         193          58
         173         174
         181         117
         169         139
         197          57
         170          64
         210         135
         193         150
         193          60
         142         131
         199         167
          65         152
         114          68
         104         136
         164         181
         193          96
         227          58
         214          54
         189         149
         101         164
         100          85
          98          76
         180          96
         195          43
         201         152
         191          42
          92         160
         102          97
         188         145
         180          97
         172          97
         236         104
          88         172
         180         141
         182          57
         193          95
          80         192
         152         175
         180         128
         176          83
         152         161
         206          82
         193          40
         170          79
         132          79
         166         187
         157         127
         128          66
         154         172
         156         182
          49         179
          37         122
         166          90
         132         121
         194          36
         170         112
         212          77
          87         178
         122         166
          68         166
         172         113
         184         125
         179          91
         174          73
         181          54
          51         163
         195         154
         158         178
         126         177
         189         138
         114          63
         113         170
         182         129
         182         175
          65         149
         177         179
         131         125
         179          94
         204         159
         136         165
          69         168
         117          59
          47         185
         203          76
         149         143
         228          66
         161         164
         229         108
          88         142
         157         162
         184         154
         186         101
          80         137
         122         116
         161         185
         197         155
         196         158
         198          81
         170         180
         190         133
