         194          53
         183         153
         157          74
         139          61
          87         182
         168          93
         196         144
         225         163
         107         162
         168         166
         195         162
         173          42
         177          87
          66         140
         214         100
         181          88
         178          67
         198          98
         169         109
         132          97
         174          68
         186         138
         187         135
         102         167
         142         161
         193          85
         200         163
         203         157
         176         126
         166          47
         197          38
         165         122
         165          39
         180          59
         177          63
         183         168
         196          66
         236         110
         195          68
         108         117
         109         173
         152         162
         175         115
         215         112
         119         181
         181         105
         123         168
         112          53
         150         164
         169          77
         189         141
         179         161
         193         170
         199         160
          34         164
         164         131
         169         117
         179         172
         193          91
         198         168
         181         163
         173         176
         197          74
         179         102
         186          71
         109         178
         214          55
          30         140
         166         173
          66         154
         114         124
         212         104
         181         132
         155          83
         171         132
         203          94
          80         147
         223         102
         159         177
          97         176
         187         157
         174          79
         214          23
         112          70
         178          62
         163          92
         183         147
          91         137
         215         103
         173         185
         221          62
         111          54
         142         170
         186          98
         122         167
         178         113
         204         103
         163         157
         208          19
         174          71
         207          86
         199          64
         200          71
         190          73
         224          99
         197          63
          65         175
         165         119
         200          42
         181         142
         121          87
         206          88
         206          89
         206          79
         199          85
         194          93
         169         137
         178         120
         215          51
         181          82
         179          81
         157         183
          67         180
         214          73
         115         179
         205          56
         190         137
         172          86
         212         101
         229         105
         155         176
         182          84
         149         159
          78         126
          54         181
         179         127
         137         149
         177          80
         186          74
         126         117
         217          60
         180         158
         188          56
         170         167
         112         138
         199          75
         181         123
         195          69
         205          72
         232         114
         182          49
         185         110
         133         119
         164         170
         211          92
          46         159
         167          71
          93         166
         169         135
         199          83
         193          67
         176          51
         200         140
         128          83
         174          57
         142         166
         195         171
         185          86
         182          72
         194          49
         177         171
         179         165
         210          69
         203          68
         186         130
         166          88
         187          90
         148         168
          39         188
          60         157
         170         160
         183         177
         189          76
         211          15
         178         155
         213          64
         206          26
         165         106
         199          51
         168         129
         109          55
          22         133
         159         128
         194          50
          39         135
         189          62
         123         104
         209          68
          43         110
         173          66
          43         187
         115          65
         167          74
         184         151
          68         144
         169          89
         186         146
         197         156
         113         180
         151         165
         168         148
         189          54
         192         190
         196          65
         188         131
         154         179
         213          59
         142         167
         167         123
          30         153
         186         159
         198          97
         230         110
         153         186
          76         122
         177          69
         174          65
         103         113
         192          44
         218          63
         170         125
         175         150
         192         148
         166         130
         191         143
         200          26
          45         162
         222          84
         200         153
         165         120
         225         107
         179          79
         189          82
         103         142
          52         165
         172          99
         149         102
         189         118
         197         166
         131          53
          66         155
         196         134
         187         136
         216          61
         130         109
         162         133
         136         163
         194         139
         179          48
         166          62
         168         124
         184          77
         209          14
         205         136
          35         171
         165         134
         190          61
         131          78
         210          94
         187          60
         173          59
         199          46
         198          55
         103         165
         202          53
         182         156
         178         169
         206          84
         104         135
         170         140
         210          80
         154         171
         167          68
         216          10
         161         163
         165         189
         202          87
          41         158
         122          56
         227          57
         175          77
         230         107
         178          45
          86         149
         195          52
         156         107
         173         110
          51         183
         189          78
         172         168
         197          90
         181          47
         184         178
         151         169
         230          99
         100         184
         190          95
         161         174
         185         140
         172          46
         175         144
         209          70
          63         170
         219          21
         164         143
         210         137
         350           8
         193          58
         173         174
         181         117
         169         139
         197          57
         170          64
         210         135
         193         150
         193          60
         142         131
         199         167
          65         152
         114          68
         104         136
         164         181
         193          96
         227          58
         214          54
         189         149
         101         164
         100          85
          98          76
         180          96
         195          43
         201         152
         191          42
          92         160
         102          97
         188         145
         180          97
         172          97
         236         104
          88         172
         180         141
         182          57
         193          95
          80         192
         152         175
         180         128
         176          83
         152         161
         206          82
         193          40
         170          79
         132          79
         166         187
         157         127
         128          66
         154         172
         156         182
          49         179
          37         122
         166          90
         132         121
         194          36
         170         112
         212          77
          87         178
         122         166
          68         166
         172         113
         184         125
         179          91
         174          73
         181          54
          51         163
         195         154
         158         178
         126         177
         189         138
         114          63
         113         170
         182         129
         182         175
          65         149
         177         179
         131         125
         179          94
         204         159
         136         165
          69         168
         117          59
          47         185
         203          76
         149         143
         228          66
         161         164
         229         108
          88         142
         157         162
         184         154
         186         101
          80         137
         122         116
         161         185
         197         155
         196         158
         198          81
         170         180
         190         133
         199          40
         168         169
          26         136
          38         177
          62         184
         176         122
         189          52
         186          82
         130         112
          76         121
         125          57
         198          70
         190          51
         227         109
         154         182
         186          88
         210          73
         159         131
         213          67
         115          62
          43         186
         155         141
         190          98
         138         117
         199         133
          88         181
         163         128
          96         140
         121          60
         200          92
         193         129
         161         184
         145         149
         112         181
         174         147
         162         171
         186         144
         134         172
         126          53
          55          87
         210          55
         233         115
         202         138
         152         185
         190         132
         181          58
         175          85
         181          64
         177         112
         180         133
         204          23
         196          39
         212          83
         220         104
         171         131
          99         116
         163         174
         164         185
         207          18
         173         125
         188         168
         214          76
         174         138
         159         186
         134         148
         169          60
         177          52
         201          81
         168          97
         154         143
          30         128
         179         157
         209          74
         176         145
         154         161
         158         167
         155         173
         359          11
         137         162
         111         130
         168         158
         200          49
         229         117
         179         126
         181          75
         210          43
         191         153
         195          59
         104         137
         221          60
         226         112
         193         143
         106         166
         188         100
         201          60
          68         158
         187         167
         126         163
         150         142
         135         120
         186         174
         135         123
         184          94
         191         134
          47         157
         184         109
         124         128
         167          76
          47         160
         176          84
         177          93
         177         160
         201         156
         176         178
         199          77
         184         157
          34         172
         156         165
         199         143
         129         167
         202          79
         101         143
         233         100
         194          79
         156         171
         195          42
         216          53
          64         150
         125         180
         215          78
         185          48
         183          63
         205          23
          41         154
         232         111
         180         118
          85         148
         210          93
         194         142
         192         169
         159         126
         159         129
         203          65
          31         163
         155          72
         142         124
         215          89
         215          62
         151         163
         124          55
         178          55
         161          79
         179         136
         183         119
         181         137
         216          58
          55         188
         204          66
         180         108
         167         168
         187         150
         186          58
         212          87
         117         179
         193          68
          37         132
         194          97
         167         170
         189         158
         133         105
         141         168
         218         103
         158          66
          85         183
          63         180
          47         158
         192          86
          34         173
         233         106
         177         146
         194         161
         118          68
         185          78
         146         156
         180          71
         196         136
         181          65
         133          80
         165         153
         199          84
         215          61
         182         103
         190         140
         179         154
         160         134
         182         159
         177          86
         209          77
         134         110
         165          91
         189          61
         185          91
         200          43
         198          28
         171          98
         203         163
         183          45
         158          76
         135         164
         177         151
         191         139
         105         176
         175         130
         180          70
          60         179
          68         148
         182          44
         181          42
         175         148
         162         175
         229          61
         215          24
         199          91
          95          79
         192         151
         181         167
         190         164
         209          20
         179         187
         130         170
         190          75
         175          69
         143          92
         120          63
          73         170
         148         170
         180         181
         166          82
         172         121
          72         134
         194         135
         185          96
         179         166
         188         173
          27         138
         173          61
         175          58
         187         156
         179         139
         104         139
         199          89
         192          71
         196          85
         107         161
         185         155
         184          47
         206          95
         183          67
         211          64
         178          41
          82         137
         180         173
         181         106
         149         166
         190          92
          70         167
         178         104
         200          72
         182         108
         191         149
         185          50
         215         102
         149         160
         167         132
         210          57
         180         121
         230         113
         171          49
         192         131
         167         115
         165         176
         188         107
          58         161
         193         160
         207          80
         190         161
         231          92
         109         167
         188          66
         174          95
         212         105
         210          56
         159          87
         203          54
         208          63
         181          43
         187         179
         132         165
         229          65
         211          59
         228          94
         173          70
         213          16
         178         110
         225          54
         203          71
          91         150
         167         136
          96          81
         191          64
         184          87
         185          83
          60         182
         185         127
         132         166
         170         177
         202          62
         102          73
         107         123
         132         168
         153         178
         183          55
         187         123
         164         138
         193         172
         178          60
         215          11
         131         101
         119         171
         193          73
         186         116
          97         192
         180          56
         209          47
         173         111
          58         166
         200          67
         208          87
         100         168
         189         165
         122         123
         197         185
         141          73
         198         162
         177         166
         175         124
         160         187
         171         100
         172         164
          64         164
         206          85
         173         177
         175         137
          65         153
         118         177
         138         164
         204         139
         106          77
         169         142
         228         118
         172         163
         232         109
         124          84
         164          89
         209          75
          34         156
         186          72
         191          46
         121          91
         207          15
         212          97
         103         141
         188          73
         107         172
         184          80
         130          65
         163         106
         217         101
          96         102
         166         135
         175          92
         102         111
         189         180
         187          53
          62         177
         184         141
         202          52
         189         152
         192          45
         177         129
         189         126
         119          52
         226          68
         183          81
         104         133
         169          83
         191          57
          75         145
         230          95
         161         179
         181         162
         203         158
         128         169
          36         174
         201          99
         188         102
         119         183
         154          84
         168          67
         172          78
         171         159
         173          90
         173          94
         173          56
         233          98
         160         155
