         194          53
         183         153
         157          74
         139          61
          87         182
         168          93
         196         144
         225         163
         107         162
         168         166
         195         162
         173          42
         177          87
          66         140
         214         100
         181          88
         178          67
         198          98
         169         109
         132          97
         174          68
         186         138
         187         135
         102         167
         142         161
         193          85
         200         163
         203         157
         176         126
         166          47
         197          38
         165         122
         165          39
         180          59
         177          63
         183         168
         196          66
         236         110
         195          68
         108         117
         109         173
         152         162
         175         115
         215         112
         119         181
         181         105
         123         168
         112          53
         150         164
         169          77
         189         141
         179         161
         193         170
         199         160
          34         164
         164         131
         169         117
         179         172
         193          91
         198         168
         181         163
         173         176
         197          74
         179         102
         186          71
         109         178
         214          55
          30         140
         166         173
          66         154
         114         124
         212         104
         181         132
         155          83
         171         132
         203          94
          80         147
         223         102
         159         177
          97         176
         187         157
         174          79
         214          23
         112          70
         178          62
         163          92
         183         147
          91         137
         215         103
         173         185
         221          62
         111          54
         142         170
         186          98
         122         167
         178         113
         204         103
         163         157
         208          19
         174          71
         207          86
         199          64
         200          71
         190          73
         224          99
         197          63
          65         175
         165         119
         200          42
         181         142
         121          87
         206          88
         206          89
         206          79
         199          85
         194          93
         169         137
         178         120
         215          51
         181          82
         179          81
         157         183
          67         180
         214          73
         115         179
         205          56
         190         137
         172          86
         212         101
         229         105
         155         176
         182          84
         149         159
          78         126
          54         181
         179         127
         137         149
         177          80
         186          74
         126         117
         217          60
         180         158
         188          56
         170         167
         112         138
         199          75
         181         123
         195          69
         205          72
         232         114
         182          49
         185         110
         133         119
         164         170
         211          92
          46         159
         167          71
          93         166
         169         135
         199          83
         193          67
         176          51
         200         140
         128          83
         174          57
         142         166
         195         171
         185          86
         182          72
         194          49
         177         171
         179         165
         210          69
         203          68
         186         130
         166          88
         187          90
         148         168
          39         188
          60         157
         170         160
         183         177
         189          76
         211          15
         178         155
         213          64
         206          26
         165         106
         199          51
         168         129
         109          55
          22         133
         159         128
         194          50
          39         135
         189          62
         123         104
         209          68
          43         110
         173          66
          43         187
         115          65
         167          74
         184         151
          68         144
         169          89
         186         146
         197         156
         113         180
         151         165
         168         148
         189          54
         192         190
         196          65
         188         131
         154         179
         213          59
         142         167
         167         123
          30         153
         186         159
         198          97
         230         110
         153         186
          76         122
         177          69
         174          65
         103         113
         192          44
         218          63
         170         125
         175         150
         192         148
         166         130
         191         143
         200          26
          45         162
         222          84
         200         153
         165         120
         225         107
         179          79
         189          82
         103         142
          52         165
         172          99
         149         102
         189         118
         197         166
         131          53
          66         155
         196         134
         187         136
         216          61
         130         109
         162         133
         136         163
         194         139
         179          48
         166          62
         168         124
         184          77
         209          14
         205         136
          35         171
         165         134
         190          61
         131          78
         210          94
         187          60
         173          59
         199          46
         198          55
         103         165
         202          53
         182         156
         178         169
         206          84
         104         135
         170         140
         210          80
         154         171
         167          68
         216          10
         161         163
         165         189
         202          87
          41         158
         122          56
         227          57
         175          77
         230         107
         178          45
          86         149
         195          52
         156         107
         173         110
          51         183
         189          78
         172         168
         197          90
         181          47
         184         178
         151         169
         230          99
         100         184
         190          95
         161         174
         185         140
         172          46
         175         144
         209          70
          63         170
         219          21
         164         143
         210         137
         350           8
         193          58
         173         174
         181         117
         169         139
         197          57
         170          64
         210         135
         193         150
         193          60
         142         131
         199         167
          65         152
         114          68
         104         136
         164         181
         193          96
         227          58
         214          54
         189         149
         101         164
         100          85
          98          76
         180          96
         195          43
         201         152
         191          42
          92         160
         102          97
         188         145
         180          97
         172          97
         236         104
          88         172
         180         141
         182          57
         193          95
          80         192
         152         175
         180         128
         176          83
         152         161
         206          82
         193          40
         170          79
         132          79
         166         187
         157         127
         128          66
         154         172
         156         182
          49         179
          37         122
         166          90
         132         121
         194          36
         170         112
         212          77
          87         178
         122         166
          68         166
         172         113
         184         125
         179          91
         174          73
         181          54
          51         163
         195         154
         158         178
         126         177
         189         138
         114          63
         113         170
         182         129
         182         175
          65         149
         177         179
         131         125
         179          94
         204         159
         136         165
          69         168
         117          59
          47         185
         203          76
         149         143
         228          66
         161         164
         229         108
          88         142
         157         162
         184         154
         186         101
          80         137
         122         116
         161         185
         197         155
         196         158
         198          81
         170         180
         190         133
         199          40
         168         169
          26         136
          38         177
          62         184
         176         122
         189          52
         186          82
         130         112
          76         121
         125          57
         198          70
         190          51
         227         109
         154         182
         186          88
         210          73
         159         131
         213          67
         115          62
          43         186
         155         141
         190          98
         138         117
         199         133
          88         181
         163         128
          96         140
         121          60
         200          92
         193         129
         161         184
         145         149
         112         181
         174         147
         162         171
         186         144
         134         172
         126          53
          55          87
         210          55
         233         115
         202         138
         152         185
         190         132
         181          58
         175          85
         181          64
         177         112
         180         133
         204          23
         196          39
         212          83
         220         104
         171         131
          99         116
         163         174
         164         185
         207          18
         173         125
         188         168
         214          76
         174         138
         159         186
         134         148
         169          60
         177          52
         201          81
         168          97
         154         143
          30         128
         179         157
         209          74
         176         145
         154         161
         158         167
         155         173
         359          11
         137         162
         111         130
         168         158
         200          49
         229         117
         179         126
         181          75
         210          43
         191         153
         195          59
         104         137
         221          60
         226         112
         193         143
         106         166
         188         100
         201          60
          68         158
         187         167
         126         163
         150         142
         135         120
         186         174
         135         123
         184          94
         191         134
          47         157
         184         109
         124         128
         167          76
          47         160
         176          84
         177          93
         177         160
         201         156
         176         178
         199          77
         184         157
          34         172
         156         165
         199         143
         129         167
         202          79
         101         143
         233         100
         194          79
         156         171
         195          42
         216          53
          64         150
         125         180
         215          78
         185          48
         183          63
         205          23
          41         154
         232         111
         180         118
          85         148
         210          93
         194         142
         192         169
         159         126
         159         129
         203          65
          31         163
         155          72
         142         124
         215          89
         215          62
         151         163
         124          55
         178          55
         161          79
         179         136
         183         119
         181         137
         216          58
          55         188
         204          66
         180         108
         167         168
         187         150
         186          58
         212          87
         117         179
         193          68
          37         132
         194          97
         167         170
         189         158
         133         105
         141         168
         218         103
         158          66
          85         183
          63         180
          47         158
         192          86
          34         173
         233         106
         177         146
         194         161
         118          68
         185          78
         146         156
         180          71
         196         136
         181          65
         133          80
         165         153
         199          84
         215          61
         182         103
         190         140
         179         154
         160         134
         182         159
         177          86
         209          77
         134         110
         165          91
         189          61
         185          91
         200          43
         198          28
         171          98
         203         163
         183          45
         158          76
         135         164
         177         151
         191         139
         105         176
         175         130
         180          70
          60         179
          68         148
         182          44
         181          42
         175         148
         162         175
         229          61
         215          24
         199          91
          95          79
         192         151
         181         167
         190         164
         209          20
         179         187
         130         170
         190          75
         175          69
         143          92
         120          63
          73         170
         148         170
         180         181
         166          82
         172         121
          72         134
         194         135
         185          96
         179         166
         188         173
          27         138
         173          61
         175          58
         187         156
         179         139
         104         139
         199          89
         192          71
         196          85
         107         161
         185         155
         184          47
         206          95
         183          67
         211          64
         178          41
          82         137
         180         173
         181         106
         149         166
         190          92
          70         167
         178         104
         200          72
         182         108
         191         149
         185          50
         215         102
         149         160
         167         132
         210          57
         180         121
         230         113
         171          49
         192         131
         167         115
         165         176
         188         107
          58         161
         193         160
         207          80
         190         161
         231          92
         109         167
         188          66
         174          95
         212         105
         210          56
         159          87
         203          54
         208          63
         181          43
         187         179
         132         165
         229          65
         211          59
         228          94
         173          70
         213          16
         178         110
         225          54
         203          71
          91         150
         167         136
          96          81
         191          64
         184          87
         185          83
          60         182
         185         127
         132         166
         170         177
         202          62
         102          73
         107         123
         132         168
         153         178
         183          55
         187         123
         164         138
         193         172
         178          60
         215          11
         131         101
         119         171
         193          73
         186         116
          97         192
         180          56
         209          47
         173         111
          58         166
         200          67
         208          87
         100         168
         189         165
         122         123
         197         185
         141          73
         198         162
         177         166
         175         124
         160         187
         171         100
         172         164
          64         164
         206          85
         173         177
         175         137
          65         153
         118         177
         138         164
         204         139
         106          77
         169         142
         228         118
         172         163
         232         109
         124          84
         164          89
         209          75
          34         156
         186          72
         191          46
         121          91
         207          15
         212          97
         103         141
         188          73
         107         172
         184          80
         130          65
         163         106
         217         101
          96         102
         166         135
         175          92
         102         111
         189         180
         187          53
          62         177
         184         141
         202          52
         189         152
         192          45
         177         129
         189         126
         119          52
         226          68
         183          81
         104         133
         169          83
         191          57
          75         145
         230          95
         161         179
         181         162
         203         158
         128         169
          36         174
         201          99
         188         102
         119         183
         154          84
         168          67
         172          78
         171         159
         173          90
         173          94
         173          56
         233          98
         160         155
          60         183
         162         169
         227         100
          60         178
         174         142
         231          66
         192          41
         191          59
         189         134
         204          57
         201          98
         216          95
         222         114
         136         148
         185          64
         132         150
         215          13
         175         140
         199          66
         171         118
         186         171
         180         145
         215          86
          51         164
         227         119
         177         167
         215          55
         141         169
         172          50
         181          93
         204          94
         170         110
         185         153
         103          75
         201          52
         195          76
         173         146
         180         100
         208          60
         187          44
         171          85
         164         178
         181         135
         181          84
          96         138
         163         155
         187         166
         105         148
         167         175
         194          38
         110         174
         109         118
         167         126
         178          71
         157          80
         167         133
         193         132
         236         103
          41         184
         175          43
         182          54
         101          72
         183         122
         198          88
         202          74
         171         172
         209          82
         146         118
          52         182
         185         187
         225         106
         216          56
         168         151
         123          53
         160         180
         166         165
         178          65
         182          90
         198         137
         130          82
         175          88
         169         136
         174          96
         171         111
         176         173
         119         166
         202          96
         140         167
         195         165
         205          73
          39         133
         100         139
         173          91
         184          79
         164         163
         178         152
         188         160
         209          53
         114         180
          83         115
         160         173
         183         131
         178          98
         187          55
         218          50
         229          62
         133         116
          87         139
         156         108
         168          58
         125         168
         153         164
         187         121
         100         162
         192         155
         163         177
         165         112
         157          73
         195         130
         208          16
         197          48
         193         167
         181          53
         140         162
         213          75
         217         110
         184         143
         213          12
         114         182
         187          89
         104         124
         163         117
         184          85
         178         154
         205          83
         179          95
         197          84
         224         101
         131         171
          62         181
         199         157
         163         190
         201          91
         178          78
         181         182
         158         139
          72         136
         195         140
         192          62
         167          41
         225         104
         203          93
          86         179
         195          86
         130         164
         234         108
         173          89
         181          86
         189         127
         146         163
         208          21
         179          99
         222          91
          88         174
         203         166
         200          99
         194         187
         169          80
         163         166
         165          94
          65         163
         228         105
         177         161
          44         191
         116          64
         214          57
          65         165
         218          58
         187          81
         187         169
         192          46
         162         119
          42         161
         196          56
         185         139
         129          80
         172         158
         211          68
         164         179
         185          52
         179         178
         203         152
         179         124
         166         116
         154         170
          32         129
         101         112
         101          79
         158          82
         174         170
         130         165
         188         108
         171         105
         186          97
         195          87
         195          35
         102         143
         160         158
         214          69
         182          73
         127         126
         201          78
         191         142
          93         171
         145         152
         206          81
         184         138
          95         173
         179         174
         173         186
         192          63
         144         107
         221          44
         155         167
         204          61
         191         154
         159          86
         182         102
         168         159
         152         177
         191         120
         164         168
          80         128
         222          59
         161         129
         140         149
         209          71
         179         179
         123         175
          65         151
          70         190
         167         141
         171          45
         179         164
         211         106
         179         147
         120          57
         155         160
         173         184
         204          97
          40         170
         213          70
         203          64
         175          82
         202          27
         210          96
         129         100
         154         166
         120          60
         189          45
         205          54
         176          80
         126         104
          35         138
         197         159
         217          25
         197          73
         199         135
         207          72
         171         113
         194         137
         119          67
         194         170
         220          87
          64         153
          69         159
         172         157
         188         164
         121         176
         154         139
         170          87
         193         133
         166         124
         192          94
         132         115
         200          65
         189          72
         174          64
         173         135
         235         117
         174         128
         181         125
         182          51
          63         158
         184         103
         173         181
         186         177
         176          48
         176         113
         139          78
         180          83
         134         163
          55         167
         185         186
         200          80
         102         144
         115         123
         196          75
          48         176
          89         149
         189         163
         110         134
         197          49
         174         144
         192         136
          94          85
         185          62
         140          75
         184          69
         351           7
         183         162
         226          59
          67         156
         103         146
         187          75
         180         134
         169         162
         211          85
         173          78
         149         168
         194         168
         186          43
          55         155
         216          52
          32         155
         174         156
         202          58
         181         131
         141         161
         184          57
         199         141
         172          75
         188         185
         178          92
         208          20
         211         136
         145         159
         181          68
         167         161
         175         171
         196          82
         211          89
         126         179
         158         112
         209          90
         181         144
         141         128
         178          61
         182         148
         172         130
         183         104
          51         141
          98          86
         201          41
          82         142
         191         150
         208          24
         206          92
         222          65
         166         184
         169          69
         163         109
         166          66
         193         156
         118          93
         145         160
         185          77
         179         101
          31         160
         199          67
         191          70
         160         130
         148          59
         128         124
          65         169
         172         126
         192          47
         203          63
         190          48
         120         145
         207          66
         152          72
         132          61
         194         169
          36         130
         205          69
         123          55
         124         178
         170         127
         160         181
         189         107
         173         172
         173         165
          55         186
         174         143
         223          67
         163         132
          59         180
         171         176
         139          62
         220           9
         223         166
         179          61
         170          60
         162         140
         101          82
         167         143
         230          97
         156         168
         194          89
         182         146
         161         161
         142         165
          53         163
         177         132
          34         128
         183          52
         103         178
         191          81
         104         132
         221         111
          72         132
         198         157
         176          44
         182         145
         199         185
         221          11
         194          37
          55         156
         147         158
         109          70
         174         173
         192         144
         196          57
          54          79
         117         167
          65         157
         180         136
         195          77
         173          98
         167         183
         214         105
         159         140
         209          22
         175         114
         188         155
          75         135
         171          69
         188          94
         100         125
         178          49
         177          72
         158         136
         113          54
          33         137
         118          76
          51         152
         103         174
         176          63
         160         157
         161         137
         218         161
         136         171
         192          72
         192          54
         174         123
         167         189
         194         163
         107         115
         170          78
         204         155
          87         180
         105         175
         105         163
          64         177
          63         159
         199          79
         201         136
         206          67
         197          45
         168         128
         181          92
         230          93
         189         179
         166         167
         223         119
         172          43
         230         103
         192          55
          87         179
         196          58
         177         141
         155         180
         173          47
         174         134
         183         133
         172          96
         169          87
         135         167
         203          95
         219         113
          52         183
         189          70
         188          67
         191         125
         128          74
         204          70
         184         106
         189         129
         182          99
         147         162
         234          68
         174          34
         162         182
         185         160
         126         103
         165         127
         147         154
         171          74
         146         157
         153         181
         171         169
         149         144
         198         158
         177         176
         214          74
         180         109
         204          83
         182         176
          70         171
         184         165
         198         138
          61         168
         205          74
         169         114
         109         171
         203          22
         179         186
         139         166
         126          52
          40         186
         140         127
         120          90
         184         126
         184          60
         174          83
         166         160
         213          54
         214          71
         217         100
         199         164
         202         139
         176         168
         177         153
          79         144
         170         171
         182         134
         168          95
         185         142
         188         166
         200          62
         233          96
         190          84
         210          12
         163         142
          86         163
         169          44
         188         151
         155          94
         132         172
         138         168
         219          56
         143         163
         170         178
         167          92
         143         170
         222          61
         183         150
         201         153
          94         139
         214          98
         105         146
         186         148
         199          82
         227         161
         192          83
         210          65
          78         148
         176          70
         192         162
          36         142
         167          75
         202          92
         202          76
         202          28
         132         118
         194          80
         203          77
         169         174
         224          66
         186          49
         172          64
         172         139
         106         170
         167          77
         190          96
         179         111
         153         177
         190          87
         184          89
         180         140
         183         132
         212          52
         167         110
          35         176
         113         122
         124         165
         221         167
         195          47
         187         158
         166         156
         174         112
          56         182
         100          84
         187          85
          77         127
         224         117
         170          88
         117          62
         157         142
         183         100
         232         112
         123          54
         198         159
          96         174
         188         161
         170          70
         208          47
         129         179
         231         116
         188          65
         185          95
         189         147
         192          74
         199          93
         173          46
         231         101
          85         181
         170         118
         174          93
         180          91
         170         119
         232         107
         204          55
         226         160
         176         164
         115         178
         201         154
         207          62
         172          72
         206          78
          66         160
         105          78
         206          75
         181         120
         159         172
         183          56
         220         106
         171         179
         136         160
         188         184
         178          66
          33         138
         187         124
         215          72
         149         167
         200          56
         189          79
          68         173
         194          88
          69         170
         176          57
         197          61
         221         108
         197         131
         137         111
         171          84
         214          25
         228          64
         205          86
         141         129
         136          74
         220          88
         169          82
         123         164
         234         115
         212          11
         138         107
         177         185
         204         104
         165          40
         186         128
         191         146
         125          58
         155         166
         164          86
         186         122
         181         107
         169         182
         200         134
         175         127
         167         188
         192          69
         176         149
         116          56
          76         150
         188          68
         117         124
         115         173
         119          64
         181          87
         175         175
         166         141
         212          84
         181          74
         186         137
         142         169
         181         152
         206          17
         167         186
         170          59
         353           9
         198         150
         179          55
         175         129
         209          58
         175         143
          95         141
          58         165
          64         169
         162         159
         197          60
         167         111
         183         149
         185         121
         185          46
         105         153
         205          91
         232         104
         195          64
          44         156
         169         181
          52         143
         167         180
         205          59
         172         101
         169          61
         109         120
         172         133
         161         162
         188          59
         167          45
         197         172
         178         130
         201          51
         172          81
         235         102
         125         166
         183          97
         188          51
          44         189
         166         125
         224          98
         105         138
         220         108
          91         100
          31         155
         187         105
         121          66
         232         102
         189         135
         212          90
         189          80
         176         163
         173          62
          55         184
         144         164
         197         130
         206         101
          54         162
         100         104
         191         165
         173          68
         202          61
         222          57
         218          22
         131         176
         205         137
         156          81
         179          42
         179         138
         127          93
         182          66
         196          78
         138         116
         122         169
         211          60
         109         179
          94          80
         106         168
         204          68
         161          86
         219          41
         180         170
         195          53
         208          53
